500
5 2783817382
5 3006795761
1 3894347751
2 383444006
2 3686287442
1 3846737746
5 1216727280
4 1511865074
4 1165059948
3 2027165502
1 210199548
5 1384413639
2 2586268591
2 1621674593
3 1164989158
2 989822431
1 1982714517
1 2619882022
5 3764285885
3 889193156
2 2496124713
1 3179765859
5 1854197469
5 2433960526
2 3671890117
2 2127170614
1 539850800
1 1031434831
5 489640157
3 3831565819
4 1158919221
4 598639886
2 3991786805
5 765921636
3 1907102268
4 3044852206
5 1248473810
5 1524642047
5 3552819749
5 3764985474
3 854251432
3 1575394328
5 1606801121
4 1544408892
5 190601383
1 1811137784
3 960618476
3 570914661
3 354389220
5 1129766022
5 1816212168
2 2714956543
1 405353635
2 1700261922
1 3239012153
2 1505628344
4 1104244039
1 2551376946
2 2844165813
1 2455193379
2 986706718
2 829202602
2 2390124825
5 2775894214
2 1545781338
2 674873514
3 2383135092
3 2326198970
2 3980383844
5 1775372378
3 1300943377
5 2549790383
3 3495026858
4 2755861473
2 1795206052
2 2857146970
5 642634926
5 2830280314
2 963669572
1 794372940
1 2559715168
2 3946145645
1 2697579903
3 2093980125
3 1548581288
2 1894958112
2 371827582
3 1082955628
3 3790060960
4 1220331876
2 329249582
2 3151220671
1 2132867120
2 412949330
5 1669069344
2 2855217162
4 320757908
1 2961132889
1 450701262
1 2459296007
1 1598636426
3 2669278219
3 2353241527
5 2958948009
2 763141857
1 2839224444
2 2133354640
4 3032559703
3 1013675225
2 2699108845
3 1022132528
5 1303983018
2 1058519923
3 1590677383
1 1385139049
3 348300598
3 869245032
1 3184191847
4 2544307479
4 3364771431
3 2252304783
3 1267266235
5 3070960134
3 1113896928
3 481287389
1 2697380869
5 2761472315
2 839814571
4 2295313164
1 1515747427
3 2850359563
3 789027567
3 25079769
3 214509939
3 3825175713
5 446128118
1 435643233
2 1666811888
5 1297795140
1 3909463374
4 3826601770
5 3048576031
1 2307826374
2 3419358920
3 3421404503
5 3219450456
5 513124413
2 2985911247
2 744579964
3 878198468
4 1326718068
5 1061652127
3 2653517242
3 1586470694
5 2523378382
1 3262393877
5 2344133065
5 1118897326
1 3800438302
2 1721917355
2 1255252270
2 19820326
3 495569564
3 2084120225
3 3063285493
2 2889138136
1 448462558
4 3532935334
5 2406715034
3 1493917036
4 2250324688
2 1981685130
3 1353825138
1 1150322294
2 1388237386
3 2188401044
1 1352869424
2 1092668204
1 2312945411
1 2881455643
2 3403580286
5 2870906167
3 3712777256
1 3647816171
1 1791991927
4 2517004861
2 2962889044
1 513662918
5 3205254364
2 3444293981
1 3279020771
4 2082573339
1 2578887805
1 232897594
2 3591598547
2 1969181823
4 172858915
2 29737116
1 3732894513
2 205521827
3 1487729353
5 3346741125
3 104089271
4 2367710698
4 970526018
5 1067514115
4 856143304
5 3372767493
1 1172515904
2 2746124987
2 2396547680
5 811204326
4 3270015215
1 2319084285
4 2579892480
3 2724395657
2 263538845
4 1802369680
1 3561327906
5 288261184
1 1112124193
4 2193074395
3 3952329374
4 303051006
5 2048906025
2 455800559
2 2412306829
4 514932322
2 3227291936
2 2085417372
5 2575568590
2 838973257
4 1707963926
5 1983781803
5 3231113337
2 2977630773
2 1469680548
4 2277330356
5 2985704992
5 2281948369
3 895636120
3 1585850862
5 1826349731
2 2576269354
1 496880711
3 2475232700
1 2773456553
5 2082693128
1 1766983717
3 3996341119
4 1084337715
4 1264959422
1 243935330
3 3480060130
4 2262033253
2 3807533330
3 3325267475
4 1834799434
2 520360061
2 1166260796
4 2284324256
1 2216308436
1 754658843
2 1757364436
1 237852508
4 2701897290
5 1723543547
2 2609139113
4 3094688789
4 1769699650
4 2572350199
2 1434565347
2 2263504961
5 3241647149
3 438017898
2 128092278
3 3824981027
5 1608963274
2 3612550328
3 3131801595
1 961112810
2 3091561840
3 2127418667
2 2217767547
4 3584518124
4 2844397037
4 2580345447
1 1968712041
1 1883002142
2 1525637318
5 3837154175
3 3558607424
4 1960822691
1 2989201840
3 2055257952
4 3673025650
3 2950730042
2 472411086
4 3597950567
1 3907833666
1 1237242652
2 348948316
4 2070395950
4 2247412730
4 2477981670
1 1562240320
2 1398043146
5 566579619
3 2826108374
2 200858999
5 3368569705
1 951549012
3 1158202945
5 2788864322
4 3656921447
5 3926404973
2 2702754331
5 1837213353
5 2997971521
5 1922157657
4 3893613529
4 1754652094
2 2842823514
4 2971809069
4 276861375
1 1750571275
4 2334229082
1 471126177
1 2280425370
5 1538684754
5 478821575
5 1995446177
2 974458885
4 1621193062
1 1694221257
4 3343719903
1 2126846689
3 268039503
5 1606648862
2 3238538125
3 2656341246
2 3473509598
4 2525779751
3 1641500892
4 3780244907
2 688083482
4 1205423720
4 968436564
2 133327489
5 2108340130
1 995616273
2 3042621414
5 3288647549
3 1990470353
2 3427581874
5 3927666554
4 1550076478
5 3431338614
5 3203043141
5 1911605639
3 1862100040
5 2226481520
4 1639243191
3 3134884561
4 3383426034
1 2457797950
2 3512711081
2 544718416
5 1377667304
5 3210675462
4 3261580298
4 395415503
2 1130795336
5 1651686252
2 1236124386
3 1172112986
3 3184979901
4 2460910201
1 1612864707
4 3412979042
3 835555862
5 3430334550
1 3917050330
4 363819489
3 3333919098
4 676339930
2 3009986051
5 2016976136
4 2670255287
5 3012093682
1 3758527673
1 1836595461
4 499747170
1 3680988502
5 3338137556
2 2515139293
4 2351971184
1 3476402044
2 1616704544
1 820836590
1 368909429
2 533731976
3 3952114841
3 927299396
5 3328507830
1 721228834
2 3788839359
2 89017956
5 40114201
1 3059354147
1 1130290072
1 1877561581
3 3729685879
3 2512623431
5 3128525677
2 2191905614
4 2496308502
3 495358608
5 1123391795
2 471365557
3 596541132
3 2154288225
1 1886298846
3 2083407439
4 1185195494
2 2869763401
2 3450567827
2 3474850828
5 2719018475
1 1356896146
5 3272212630
5 2790742727
2 1040215371
2 57312030
5 1875908123
3 2801815908
5 1368299852
1 2351085241
3 2014203530
3 2715098260
4 1580218937
2 3935999368
2 3176074469
2 1420741106
4 1076415060
3 219880642
3 2676737766
5 103145288
4 2093343771
3 2040094907
5 1916280776
5 3033284862
3 2805797096
5 1411592735
4 3698437596
2 642312775
2 2880369396
2 3515553796
1 2640451712
5 3551776617
1 1050150768
2 3918631491
4 753087027
5 231706967
2 718917510
3 3089916776
5 3678546804
4 2400311374
2 2264026353
5 2124654790
3 1978045138
4 2790739529
2 2217068287
4 541597059
5 2483531927
3 606364090
4 2290925935
4 3967347676
5 327819970
1 232513198
4 1653059065
5 451176637
3 2758963337
2 629973679
5 2732834384
3 1133737106
3 694946127
5 1691926779
1 3953442906
1 1425318566
5 2066559727
3 508819134
5 510447104
4 181006907
5 3853894139
3 2426952446
2 3201158622
4 2700286321
4 353546634
1 2981524344